# MesswertTabelle
#
# M e s s w e r t t a b e l l e  der Reihen:
#
# H_[a] cc(CN,IWL)_NORM_[3] [2,2] Werte
# H_[b] cc(CN,AL)_NORM_[86] [35,35] Werte
# H_(c) cc(CN,BL)_NORM_[536] [62,62] Werte
# H_[a] cc(CN,IWL)_NORM_[3] [2,2] Werte
# H_[b] cc(CN,AL)_NORM_[86] [45,45] Werte
# H_(c) cc(CNL,BL)_NORM_[536] [68,68] Werte
#
#
#x	y	x	y	x	y	x	y	x	y	x	y	
-0.42800	0.33333	-0.42800	0.01163	-0.42800	0.00187	-0.42800	0.33333	-0.42800	0.01163	-0.42800	0.00373	
-0.38000	0.33333	-0.38000	0.01163	-0.38000	0.00187	-0.38000	0.33333	-0.38000	0.01163	-0.38000	0.00187	
-0.35600	0.00000	-0.35600	0.02326	-0.35600	0.00187	-0.35600	0.00000	-0.35600	0.01163	-0.35600	0.00187	
-0.33200	0.00000	-0.33200	0.01163	-0.33200	0.00560	-0.33200	0.00000	-0.33200	0.02326	-0.33200	0.00373	
-0.32000	0.00000	-0.32000	0.02326	-0.32000	0.00560	-0.32000	0.00000	-0.32000	0.02326	-0.32000	0.00187	
-0.30800	0.00000	-0.30800	0.03488	-0.30800	0.00560	-0.30800	0.00000	-0.30800	0.01163	-0.30800	0.00560	
-0.29600	0.00000	-0.29600	0.04651	-0.29600	0.00933	-0.29600	0.00000	-0.29600	0.01163	-0.29600	0.00373	
-0.28400	0.00000	-0.28400	0.02326	-0.28400	0.00746	-0.28400	0.00000	-0.28400	0.01163	-0.28400	0.00746	
-0.27200	0.00000	-0.27200	0.02326	-0.27200	0.00933	-0.27200	0.00000	-0.27200	0.02326	-0.27200	0.00560	
-0.24800	0.00000	-0.24800	0.02326	-0.24800	0.01866	-0.24800	0.00000	-0.24800	0.02326	-0.24800	0.00560	
-0.23600	0.00000	-0.23600	0.01163	-0.23600	0.01679	-0.23600	0.00000	-0.23600	0.02326	-0.23600	0.01306	
-0.22400	0.00000	-0.22400	0.04651	-0.22400	0.00746	-0.22400	0.00000	-0.22400	0.01163	-0.22400	0.00560	
-0.21200	0.00000	-0.21200	0.01163	-0.21200	0.00560	-0.21200	0.00000	-0.21200	0.03488	-0.21200	0.01866	
-0.20000	0.00000	-0.20000	0.02326	-0.20000	0.01119	-0.20000	0.00000	-0.20000	0.01163	-0.20000	0.01866	
-0.18800	0.00000	-0.18800	0.04651	-0.18800	0.04104	-0.18800	0.00000	-0.18800	0.01163	-0.18800	0.01679	
-0.17600	0.00000	-0.17600	0.01163	-0.17600	0.01679	-0.17600	0.00000	-0.17600	0.01163	-0.17600	0.01119	
-0.16400	0.00000	-0.16400	0.02326	-0.16400	0.00933	-0.16400	0.00000	-0.16400	0.04651	-0.16400	0.02425	
-0.15200	0.00000	-0.15200	0.02326	-0.15200	0.01679	-0.15200	0.00000	-0.15200	0.01163	-0.15200	0.01119	
-0.14000	0.00000	-0.14000	0.04651	-0.14000	0.02612	-0.14000	0.00000	-0.14000	0.02326	-0.14000	0.01866	
-0.12800	0.00000	-0.12800	0.02326	-0.12800	0.03172	-0.12800	0.00000	-0.12800	0.03488	-0.12800	0.01866	
-0.11600	0.00000	-0.11600	0.08140	-0.11600	0.02425	-0.11600	0.00000	-0.11600	0.02326	-0.11600	0.01866	
-0.10400	0.00000	-0.10400	0.02326	-0.10400	0.01866	-0.10400	0.00000	-0.10400	0.01163	-0.10400	0.02239	
-0.09200	0.00000	-0.09200	0.02326	-0.09200	0.02239	-0.09200	0.00000	-0.09200	0.05814	-0.09200	0.01866	
-0.08000	0.00000	-0.08000	0.03488	-0.08000	0.03172	-0.08000	0.00000	-0.08000	0.04651	-0.08000	0.02052	
-0.06800	0.00000	-0.06800	0.08140	-0.06800	0.00933	-0.06800	0.00000	-0.06800	0.03488	-0.06800	0.02985	
-0.05600	0.00000	-0.05600	0.01163	-0.05600	0.01493	-0.05600	0.00000	-0.05600	0.01163	-0.05600	0.01679	
-0.04400	0.00000	-0.04400	0.02326	-0.04400	0.02425	-0.04400	0.00000	-0.04400	0.01163	-0.04400	0.02239	
-0.03200	0.00000	-0.03200	0.02326	-0.03200	0.02799	-0.03200	0.00000	-0.03200	0.01163	-0.03200	0.01493	
-0.02000	0.00000	-0.02000	0.01163	-0.02000	0.02985	-0.02000	0.00000	-0.02000	0.01163	-0.02000	0.02052	
-0.00800	0.00000	-0.00800	0.01163	-0.00800	0.05037	-0.00800	0.00000	-0.00800	0.02326	-0.00800	0.01493	
0.00400	0.00000	0.00400	0.03488	0.00400	0.02239	0.00400	0.00000	0.00400	0.03488	0.00400	0.02425	
0.01600	0.00000	0.01600	0.02326	0.01600	0.03731	0.01600	0.00000	0.01600	0.04651	0.01600	0.05784	
0.02800	0.00000	0.02800	0.01163	0.02800	0.00746	0.02800	0.00000	0.02800	0.02326	0.02800	0.03358	
0.04000	0.00000	0.04000	0.01163	0.04000	0.00560	0.04000	0.00000	0.04000	0.01163	0.04000	0.01866	
0.05200	0.00000	0.05200	0.01163	0.05200	0.00746	0.05200	0.00000	0.05200	0.01163	0.05200	0.01119	
0.06400	0.00000	0.06400	0.00000	0.06400	0.01119	0.06400	0.00000	0.06400	0.01163	0.06400	0.02239	
0.07600	0.00000	0.07600	0.00000	0.07600	0.01306	0.07600	0.00000	0.07600	0.02326	0.07600	0.01306	
0.08800	0.00000	0.08800	0.00000	0.08800	0.00746	0.08800	0.00000	0.08800	0.02326	0.08800	0.00933	
0.10000	0.00000	0.10000	0.00000	0.10000	0.01306	0.10000	0.00000	0.10000	0.02326	0.10000	0.01119	
0.11200	0.00000	0.11200	0.00000	0.11200	0.02052	0.11200	0.00000	0.11200	0.02326	0.11200	0.01493	
0.12400	0.00000	0.12400	0.00000	0.12400	0.01306	0.12400	0.00000	0.12400	0.01163	0.12400	0.00746	
0.13600	0.00000	0.13600	0.00000	0.13600	0.00746	0.13600	0.00000	0.13600	0.01163	0.13600	0.00933	
0.14800	0.00000	0.14800	0.00000	0.14800	0.01119	0.14800	0.00000	0.14800	0.01163	0.14800	0.01866	
0.16000	0.00000	0.16000	0.00000	0.16000	0.00560	0.16000	0.00000	0.16000	0.01163	0.16000	0.00933	
0.17200	0.00000	0.17200	0.00000	0.17200	0.01493	0.17200	0.00000	0.17200	0.01163	0.17200	0.00560	
0.18400	0.00000	0.18400	0.00000	0.18400	0.01679	0.18400	0.00000	0.18400	0.00000	0.18400	0.00933	
0.19600	0.00000	0.19600	0.00000	0.19600	0.00746	0.19600	0.00000	0.19600	0.00000	0.19600	0.01679	
0.20800	0.00000	0.20800	0.00000	0.20800	0.00373	0.20800	0.00000	0.20800	0.00000	0.20800	0.00560	
0.22000	0.00000	0.22000	0.00000	0.22000	0.00373	0.22000	0.00000	0.22000	0.00000	0.22000	0.00187	
0.23200	0.00000	0.23200	0.00000	0.23200	0.00373	0.23200	0.00000	0.23200	0.00000	0.23200	0.00933	
0.24400	0.00000	0.24400	0.00000	0.24400	0.00373	0.24400	0.00000	0.24400	0.00000	0.24400	0.00560	
0.25600	0.00000	0.25600	0.00000	0.25600	0.00746	0.25600	0.00000	0.25600	0.00000	0.25600	0.00560	
0.26800	0.00000	0.26800	0.00000	0.26800	0.00373	0.26800	0.00000	0.26800	0.00000	0.26800	0.00373	
0.28000	0.00000	0.28000	0.00000	0.28000	0.00187	0.28000	0.00000	0.28000	0.00000	0.28000	0.00373	
0.29200	0.00000	0.29200	0.00000	0.29200	0.00187	0.29200	0.00000	0.29200	0.00000	0.29200	0.00746	
0.30400	0.00000	0.30400	0.00000	0.30400	0.00187	0.30400	0.00000	0.30400	0.00000	0.30400	0.00187	
0.31600	0.00000	0.31600	0.00000	0.31600	0.00560	0.31600	0.00000	0.31600	0.00000	0.31600	0.01119	
0.32800	0.00000	0.32800	0.00000	0.32800	0.00560	0.32800	0.00000	0.32800	0.00000	0.32800	0.00560	
0.34000	0.00000	0.34000	0.00000	0.34000	0.00187	0.34000	0.00000	0.34000	0.00000	0.34000	0.00373	
0.35200	0.00000	0.35200	0.00000	0.35200	0.00187	0.35200	0.00000	0.35200	0.00000	0.35200	0.00187	
0.36400	0.00000	0.36400	0.00000	0.36400	0.00373	0.36400	0.00000	0.36400	0.00000	0.36400	0.00373	
0.37600	0.00000	0.37600	0.00000	0.37600	0.00560	0.37600	0.00000	0.37600	0.00000	0.37600	0.00560	
0.38800	0.00000	0.38800	0.00000	0.38800	0.00000	0.38800	0.00000	0.38800	0.00000	0.38800	0.00187	
0.40000	0.00000	0.40000	0.00000	0.40000	0.00000	0.40000	0.00000	0.40000	0.00000	0.40000	0.00187	
0.41200	0.00000	0.41200	0.00000	0.41200	0.00000	0.41200	0.00000	0.41200	0.00000	0.41200	0.00373	
0.44800	0.00000	0.44800	0.00000	0.44800	0.00000	0.44800	0.00000	0.44800	0.00000	0.44800	0.00373	
0.49600	0.00000	0.49600	0.00000	0.49600	0.00000	0.49600	0.00000	0.49600	0.00000	0.49600	0.00187	
0.54400	0.00000	0.54400	0.00000	0.54400	0.00000	0.54400	0.00000	0.54400	0.00000	0.54400	0.00187	
