# MesswertTabelle
#
# M e s s w e r t t a b e l l e  der Reihen:
#
# H_(d) cc(IWL,IWL)_NORM_[6] [3,3] Werte
# H_(e) cc(AL,AL)_NORM_[3741] [94,94] Werte
# H_(f) cc(BL,BL)_NORM_[143916] [131,131] Werte
# H_(d) cc(IWL,IWL)_NORM_[6] [3,3] Werte
# H_(e) cc(AL,AL)_NORM_[3741] [90,90] Werte
# H_(f) cc(IWL,BL)_NORM_[143916] [128,128] Werte
#
#
#x	y	x	y	x	y	x	y	x	y	x	y	
-0.63200	0.16667	-0.63200	0.00027	-0.63200	0.00001	-0.63200	0.16667	-0.63200	0.00027	-0.63200	0.00001	
-0.60800	0.16667	-0.60800	0.00080	-0.60800	0.00003	-0.60800	0.16667	-0.60800	0.00027	-0.60800	0.00001	
-0.59600	0.16667	-0.59600	0.00080	-0.59600	0.00001	-0.59600	0.16667	-0.59600	0.00027	-0.59600	0.00002	
-0.58400	0.00000	-0.58400	0.00080	-0.58400	0.00001	-0.58400	0.00000	-0.58400	0.00027	-0.58400	0.00004	
-0.57200	0.00000	-0.57200	0.00080	-0.57200	0.00001	-0.57200	0.00000	-0.57200	0.00027	-0.57200	0.00001	
-0.56000	0.00000	-0.56000	0.00134	-0.56000	0.00003	-0.56000	0.00000	-0.56000	0.00027	-0.56000	0.00007	
-0.54800	0.00000	-0.54800	0.00107	-0.54800	0.00003	-0.54800	0.00000	-0.54800	0.00080	-0.54800	0.00005	
-0.53600	0.00000	-0.53600	0.00053	-0.53600	0.00003	-0.53600	0.00000	-0.53600	0.00053	-0.53600	0.00014	
-0.52400	0.00000	-0.52400	0.00160	-0.52400	0.00006	-0.52400	0.00000	-0.52400	0.00027	-0.52400	0.00008	
-0.51200	0.00000	-0.51200	0.00080	-0.51200	0.00009	-0.51200	0.00000	-0.51200	0.00187	-0.51200	0.00015	
-0.50000	0.00000	-0.50000	0.00160	-0.50000	0.00015	-0.50000	0.00000	-0.50000	0.00107	-0.50000	0.00021	
-0.48800	0.00000	-0.48800	0.00160	-0.48800	0.00018	-0.48800	0.00000	-0.48800	0.00080	-0.48800	0.00030	
-0.47600	0.00000	-0.47600	0.00401	-0.47600	0.00024	-0.47600	0.00000	-0.47600	0.00267	-0.47600	0.00039	
-0.46400	0.00000	-0.46400	0.00348	-0.46400	0.00033	-0.46400	0.00000	-0.46400	0.00134	-0.46400	0.00048	
-0.45200	0.00000	-0.45200	0.00428	-0.45200	0.00048	-0.45200	0.00000	-0.45200	0.00214	-0.45200	0.00053	
-0.44000	0.00000	-0.44000	0.00374	-0.44000	0.00044	-0.44000	0.00000	-0.44000	0.00321	-0.44000	0.00058	
-0.42800	0.00000	-0.42800	0.00454	-0.42800	0.00058	-0.42800	0.00000	-0.42800	0.00294	-0.42800	0.00097	
-0.41600	0.00000	-0.41600	0.00775	-0.41600	0.00062	-0.41600	0.00000	-0.41600	0.00348	-0.41600	0.00087	
-0.40400	0.00000	-0.40400	0.00535	-0.40400	0.00074	-0.40400	0.00000	-0.40400	0.00348	-0.40400	0.00132	
-0.39200	0.00000	-0.39200	0.00508	-0.39200	0.00090	-0.39200	0.00000	-0.39200	0.00642	-0.39200	0.00141	
-0.38000	0.00000	-0.38000	0.00802	-0.38000	0.00122	-0.38000	0.00000	-0.38000	0.00748	-0.38000	0.00176	
-0.36800	0.00000	-0.36800	0.00882	-0.36800	0.00149	-0.36800	0.00000	-0.36800	0.01016	-0.36800	0.00223	
-0.35600	0.00000	-0.35600	0.01096	-0.35600	0.00188	-0.35600	0.00000	-0.35600	0.01176	-0.35600	0.00255	
-0.34400	0.00000	-0.34400	0.01390	-0.34400	0.00228	-0.34400	0.00000	-0.34400	0.01149	-0.34400	0.00308	
-0.33200	0.00000	-0.33200	0.01550	-0.33200	0.00247	-0.33200	0.00000	-0.33200	0.01176	-0.33200	0.00338	
-0.32000	0.00000	-0.32000	0.01283	-0.32000	0.00233	-0.32000	0.00000	-0.32000	0.01123	-0.32000	0.00368	
-0.30800	0.00000	-0.30800	0.01497	-0.30800	0.00328	-0.30800	0.00000	-0.30800	0.01363	-0.30800	0.00443	
-0.29600	0.00000	-0.29600	0.01577	-0.29600	0.00369	-0.29600	0.00000	-0.29600	0.01497	-0.29600	0.00519	
-0.28400	0.00000	-0.28400	0.01577	-0.28400	0.00417	-0.28400	0.00000	-0.28400	0.01283	-0.28400	0.00561	
-0.27200	0.00000	-0.27200	0.01470	-0.27200	0.00500	-0.27200	0.00000	-0.27200	0.01871	-0.27200	0.00623	
-0.26000	0.00000	-0.26000	0.02005	-0.26000	0.00507	-0.26000	0.00000	-0.26000	0.01577	-0.26000	0.00695	
-0.24800	0.00000	-0.24800	0.02138	-0.24800	0.00632	-0.24800	0.00000	-0.24800	0.02192	-0.24800	0.00836	
-0.23600	0.00000	-0.23600	0.02032	-0.23600	0.00705	-0.23600	0.00000	-0.23600	0.02753	-0.23600	0.00912	
-0.22400	0.00000	-0.22400	0.02620	-0.22400	0.00776	-0.22400	0.00000	-0.22400	0.02299	-0.22400	0.01003	
-0.21200	0.00000	-0.21200	0.02433	-0.21200	0.00824	-0.21200	0.00000	-0.21200	0.02620	-0.21200	0.01047	
-0.20000	0.00000	-0.20000	0.02459	-0.20000	0.00896	-0.20000	0.00000	-0.20000	0.02807	-0.20000	0.01176	
-0.18800	0.00000	-0.18800	0.02352	-0.18800	0.01022	-0.18800	0.00000	-0.18800	0.02352	-0.18800	0.01285	
-0.17600	0.00000	-0.17600	0.02299	-0.17600	0.01086	-0.17600	0.00000	-0.17600	0.02032	-0.17600	0.01441	
-0.16400	0.00000	-0.16400	0.02352	-0.16400	0.01131	-0.16400	0.00000	-0.16400	0.02165	-0.16400	0.01499	
-0.15200	0.00000	-0.15200	0.02727	-0.15200	0.01289	-0.15200	0.00000	-0.15200	0.02138	-0.15200	0.01556	
-0.14000	0.00000	-0.14000	0.03047	-0.14000	0.01366	-0.14000	0.00000	-0.14000	0.02326	-0.14000	0.01882	
-0.12800	0.00000	-0.12800	0.03047	-0.12800	0.01434	-0.12800	0.00000	-0.12800	0.02646	-0.12800	0.02014	
-0.11600	0.00000	-0.11600	0.02780	-0.11600	0.01603	-0.11600	0.00000	-0.11600	0.02833	-0.11600	0.01866	
-0.10400	0.00000	-0.10400	0.02406	-0.10400	0.01683	-0.10400	0.00000	-0.10400	0.02593	-0.10400	0.02357	
-0.09200	0.00000	-0.09200	0.01898	-0.09200	0.02011	-0.09200	0.00000	-0.09200	0.01818	-0.09200	0.01973	
-0.08000	0.00000	-0.08000	0.02219	-0.08000	0.01986	-0.08000	0.00000	-0.08000	0.02112	-0.08000	0.02178	
-0.06800	0.00000	-0.06800	0.02112	-0.06800	0.01989	-0.06800	0.00000	-0.06800	0.02192	-0.06800	0.01657	
-0.05600	0.00000	-0.05600	0.01550	-0.05600	0.02472	-0.05600	0.00000	-0.05600	0.02005	-0.05600	0.02114	
-0.04400	0.00000	-0.04400	0.02112	-0.04400	0.02111	-0.04400	0.00000	-0.04400	0.02058	-0.04400	0.02197	
-0.03200	0.00000	-0.03200	0.01711	-0.03200	0.02264	-0.03200	0.00000	-0.03200	0.01577	-0.03200	0.01898	
-0.02000	0.00000	-0.02000	0.01951	-0.02000	0.01693	-0.02000	0.00000	-0.02000	0.01230	-0.02000	0.01593	
-0.00800	0.00000	-0.00800	0.01684	-0.00800	0.02035	-0.00800	0.00000	-0.00800	0.01417	-0.00800	0.01451	
0.00400	0.00000	0.00400	0.01337	0.00400	0.01978	0.00400	0.00000	0.00400	0.01577	0.00400	0.01405	
0.01600	0.00000	0.01600	0.01363	0.01600	0.01780	0.01600	0.00000	0.01600	0.01524	0.01600	0.01390	
0.02800	0.00000	0.02800	0.01390	0.02800	0.01597	0.02800	0.00000	0.02800	0.01711	0.02800	0.01304	
0.04000	0.00000	0.04000	0.01283	0.04000	0.01414	0.04000	0.00000	0.04000	0.01363	0.04000	0.01216	
0.05200	0.00000	0.05200	0.01203	0.05200	0.01345	0.05200	0.00000	0.05200	0.01230	0.05200	0.01251	
0.06400	0.00000	0.06400	0.00909	0.06400	0.01226	0.06400	0.00000	0.06400	0.01470	0.06400	0.01122	
0.07600	0.00000	0.07600	0.01256	0.07600	0.01169	0.07600	0.00000	0.07600	0.01363	0.07600	0.01094	
0.08800	0.00000	0.08800	0.00882	0.08800	0.01194	0.08800	0.00000	0.08800	0.00936	0.08800	0.01025	
0.10000	0.00000	0.10000	0.00615	0.10000	0.01082	0.10000	0.00000	0.10000	0.01443	0.10000	0.01042	
0.11200	0.00000	0.11200	0.00588	0.11200	0.01067	0.11200	0.00000	0.11200	0.00722	0.11200	0.00949	
0.12400	0.00000	0.12400	0.00481	0.12400	0.01019	0.12400	0.00000	0.12400	0.00775	0.12400	0.00884	
0.13600	0.00000	0.13600	0.00374	0.13600	0.00922	0.13600	0.00000	0.13600	0.00722	0.13600	0.00839	
0.14800	0.00000	0.14800	0.00508	0.14800	0.00939	0.14800	0.00000	0.14800	0.00508	0.14800	0.00741	
0.16000	0.00000	0.16000	0.00348	0.16000	0.00862	0.16000	0.00000	0.16000	0.00802	0.16000	0.00733	
0.17200	0.00000	0.17200	0.00428	0.17200	0.00747	0.17200	0.00000	0.17200	0.00401	0.17200	0.00709	
0.18400	0.00000	0.18400	0.00454	0.18400	0.00759	0.18400	0.00000	0.18400	0.00748	0.18400	0.00598	
0.19600	0.00000	0.19600	0.00321	0.19600	0.00713	0.19600	0.00000	0.19600	0.00428	0.19600	0.00566	
0.20800	0.00000	0.20800	0.00160	0.20800	0.00622	0.20800	0.00000	0.20800	0.00535	0.20800	0.00477	
0.22000	0.00000	0.22000	0.00374	0.22000	0.00587	0.22000	0.00000	0.22000	0.00535	0.22000	0.00495	
0.23200	0.00000	0.23200	0.00160	0.23200	0.00517	0.23200	0.00000	0.23200	0.00241	0.23200	0.00461	
0.24400	0.00000	0.24400	0.00267	0.24400	0.00400	0.24400	0.00000	0.24400	0.00107	0.24400	0.00399	
0.25600	0.00000	0.25600	0.00160	0.25600	0.00425	0.25600	0.00000	0.25600	0.00294	0.25600	0.00368	
0.26800	0.00000	0.26800	0.00267	0.26800	0.00429	0.26800	0.00000	0.26800	0.00267	0.26800	0.00320	
0.28000	0.00000	0.28000	0.00187	0.28000	0.00354	0.28000	0.00000	0.28000	0.00241	0.28000	0.00281	
0.29200	0.00000	0.29200	0.00134	0.29200	0.00347	0.29200	0.00000	0.29200	0.00241	0.29200	0.00252	
0.30400	0.00000	0.30400	0.00080	0.30400	0.00331	0.30400	0.00000	0.30400	0.00134	0.30400	0.00240	
0.31600	0.00000	0.31600	0.00107	0.31600	0.00258	0.31600	0.00000	0.31600	0.00053	0.31600	0.00176	
0.32800	0.00000	0.32800	0.00027	0.32800	0.00249	0.32800	0.00000	0.32800	0.00134	0.32800	0.00167	
0.34000	0.00000	0.34000	0.00080	0.34000	0.00213	0.34000	0.00000	0.34000	0.00107	0.34000	0.00159	
0.35200	0.00000	0.35200	0.00053	0.35200	0.00208	0.35200	0.00000	0.35200	0.00053	0.35200	0.00144	
0.36400	0.00000	0.36400	0.00107	0.36400	0.00120	0.36400	0.00000	0.36400	0.00053	0.36400	0.00124	
0.37600	0.00000	0.37600	0.00027	0.37600	0.00160	0.37600	0.00000	0.37600	0.00053	0.37600	0.00129	
0.38800	0.00000	0.38800	0.00107	0.38800	0.00139	0.38800	0.00000	0.38800	0.00053	0.38800	0.00084	
0.40000	0.00000	0.40000	0.00080	0.40000	0.00116	0.40000	0.00000	0.40000	0.00053	0.40000	0.00066	
0.41200	0.00000	0.41200	0.00027	0.41200	0.00116	0.41200	0.00000	0.41200	0.00080	0.41200	0.00120	
0.42400	0.00000	0.42400	0.00053	0.42400	0.00100	0.42400	0.00000	0.42400	0.00027	0.42400	0.00085	
0.43600	0.00000	0.43600	0.00053	0.43600	0.00085	0.43600	0.00000	0.43600	0.00053	0.43600	0.00058	
0.44800	0.00000	0.44800	0.00027	0.44800	0.00072	0.44800	0.00000	0.44800	0.00027	0.44800	0.00060	
0.46000	0.00000	0.46000	0.00027	0.46000	0.00074	0.46000	0.00000	0.46000	0.00000	0.46000	0.00041	
0.47200	0.00000	0.47200	0.00027	0.47200	0.00065	0.47200	0.00000	0.47200	0.00000	0.47200	0.00026	
0.48400	0.00000	0.48400	0.00027	0.48400	0.00084	0.48400	0.00000	0.48400	0.00000	0.48400	0.00036	
0.49600	0.00000	0.49600	0.00027	0.49600	0.00050	0.49600	0.00000	0.49600	0.00000	0.49600	0.00024	
0.50800	0.00000	0.50800	0.00000	0.50800	0.00035	0.50800	0.00000	0.50800	0.00000	0.50800	0.00040	
0.52000	0.00000	0.52000	0.00000	0.52000	0.00028	0.52000	0.00000	0.52000	0.00000	0.52000	0.00017	
0.53200	0.00000	0.53200	0.00000	0.53200	0.00030	0.53200	0.00000	0.53200	0.00000	0.53200	0.00018	
0.54400	0.00000	0.54400	0.00000	0.54400	0.00024	0.54400	0.00000	0.54400	0.00000	0.54400	0.00015	
0.55600	0.00000	0.55600	0.00000	0.55600	0.00031	0.55600	0.00000	0.55600	0.00000	0.55600	0.00015	
0.56800	0.00000	0.56800	0.00000	0.56800	0.00028	0.56800	0.00000	0.56800	0.00000	0.56800	0.00017	
0.58000	0.00000	0.58000	0.00000	0.58000	0.00014	0.58000	0.00000	0.58000	0.00000	0.58000	0.00012	
0.59200	0.00000	0.59200	0.00000	0.59200	0.00015	0.59200	0.00000	0.59200	0.00000	0.59200	0.00008	
0.60400	0.00000	0.60400	0.00000	0.60400	0.00017	0.60400	0.00000	0.60400	0.00000	0.60400	0.00005	
0.61600	0.00000	0.61600	0.00000	0.61600	0.00013	0.61600	0.00000	0.61600	0.00000	0.61600	0.00005	
0.62800	0.00000	0.62800	0.00000	0.62800	0.00006	0.62800	0.00000	0.62800	0.00000	0.62800	0.00007	
0.64000	0.00000	0.64000	0.00000	0.64000	0.00006	0.64000	0.00000	0.64000	0.00000	0.64000	0.00042	
0.65200	0.00000	0.65200	0.00000	0.65200	0.00006	0.65200	0.00000	0.65200	0.00000	0.65200	0.00008	
0.66400	0.00000	0.66400	0.00000	0.66400	0.00008	0.66400	0.00000	0.66400	0.00000	0.66400	0.00019	
0.67600	0.00000	0.67600	0.00000	0.67600	0.00002	0.67600	0.00000	0.67600	0.00000	0.67600	0.00002	
0.68800	0.00000	0.68800	0.00000	0.68800	0.00056	0.68800	0.00000	0.68800	0.00000	0.68800	0.00003	
0.70000	0.00000	0.70000	0.00000	0.70000	0.00008	0.70000	0.00000	0.70000	0.00000	0.70000	0.00005	
0.71200	0.00000	0.71200	0.00000	0.71200	0.00029	0.71200	0.00000	0.71200	0.00000	0.71200	0.00002	
0.72400	0.00000	0.72400	0.00000	0.72400	0.00006	0.72400	0.00000	0.72400	0.00000	0.72400	0.00001	
0.73600	0.00000	0.73600	0.00000	0.73600	0.00006	0.73600	0.00000	0.73600	0.00000	0.73600	0.00001	
0.74800	0.00000	0.74800	0.00000	0.74800	0.00003	0.74800	0.00000	0.74800	0.00000	0.74800	0.00003	
0.76000	0.00000	0.76000	0.00000	0.76000	0.00001	0.76000	0.00000	0.76000	0.00000	0.76000	0.00005	
0.78400	0.00000	0.78400	0.00000	0.78400	0.00001	0.78400	0.00000	0.78400	0.00000	0.78400	0.00001	
0.79600	0.00000	0.79600	0.00000	0.79600	0.00003	0.79600	0.00000	0.79600	0.00000	0.79600	0.00001	
0.80800	0.00000	0.80800	0.00000	0.80800	0.00001	0.80800	0.00000	0.80800	0.00000	0.80800	0.00001	
0.82000	0.00000	0.82000	0.00000	0.82000	0.00001	0.82000	0.00000	0.82000	0.00000	0.82000	0.00001	
0.83200	0.00000	0.83200	0.00000	0.83200	0.00003	0.83200	0.00000	0.83200	0.00000	0.83200	0.00001	
0.84400	0.00000	0.84400	0.00000	0.84400	0.00001	0.84400	0.00000	0.84400	0.00000	0.84400	0.00002	
0.85600	0.00000	0.85600	0.00000	0.85600	0.00003	0.85600	0.00000	0.85600	0.00000	0.85600	0.00001	
0.88000	0.00000	0.88000	0.00000	0.88000	0.00001	0.88000	0.00000	0.88000	0.00000	0.88000	0.00001	
0.89200	0.00000	0.89200	0.00000	0.89200	0.00003	0.89200	0.00000	0.89200	0.00000	0.89200	0.00001	
0.90400	0.00000	0.90400	0.00000	0.90400	0.00001	0.90400	0.00000	0.90400	0.00000	0.90400	0.00001	
0.91600	0.00000	0.91600	0.00000	0.91600	0.00001	0.91600	0.00000	0.91600	0.00000	0.91600	0.00001	
0.95200	0.00000	0.95200	0.00000	0.95200	0.00001	0.95200	0.00000	0.95200	0.00000	0.95200	0.00010	
0.97600	0.00000	0.97600	0.00000	0.97600	0.00001	0.97600	0.00000	0.97600	0.00000	0.97600	0.00000	
0.98800	0.00000	0.98800	0.00000	0.98800	0.00001	0.98800	0.00000	0.98800	0.00000	0.98800	0.00000	
1.00000	0.00000	1.00000	0.00000	1.00000	0.00017	1.00000	0.00000	1.00000	0.00000	1.00000	0.00000	
