#
#	NeighborhoodCorrelation 
#	name: Neighborhood.3.
#
#
#	id: 30
#
#	2009_1_01_360__access_24
#
##
# M e s s w e r t t a b e l l e  der Reihen:
#
# CC_local [332,332] Werte
# CC_global [332,332] Werte
# 1sigma+ [332,332] Werte
# 1sigma- [332,332] Werte
# norm(log(access( CN ))) [360,360] Werte
#
#
#x	y	x	y	x	y	x	y	x	y	
0.00000	0.82311	0.00000	0.17088	0.00000	0.39840	0.00000	-0.05663	0.00000	0.09873	
1.00000	0.78191	1.00000	0.16370	1.00000	0.35687	1.00000	-0.02947	1.00000	0.19041	
2.00000	0.76104	2.00000	0.14139	2.00000	0.33121	2.00000	-0.04844	2.00000	0.18618	
3.00000	0.76216	3.00000	0.12310	3.00000	0.31589	3.00000	-0.06970	3.00000	0.22849	
4.00000	0.76557	4.00000	0.13910	4.00000	0.28750	4.00000	-0.00931	4.00000	0.28068	
5.00000	0.77152	5.00000	0.12535	5.00000	0.27342	5.00000	-0.02271	5.00000	0.38364	
6.00000	0.77563	6.00000	0.10259	6.00000	0.25710	6.00000	-0.05192	6.00000	0.38787	
7.00000	0.77722	7.00000	0.06400	7.00000	0.20493	7.00000	-0.07694	7.00000	0.29055	
8.00000	0.79701	8.00000	0.05135	8.00000	0.21923	8.00000	-0.11653	8.00000	0.47109	
9.00000	0.83016	9.00000	0.04259	9.00000	0.20720	9.00000	-0.12202	9.00000	0.26375	
10.00000	0.83912	10.00000	0.04138	10.00000	0.19506	10.00000	-0.11230	10.00000	0.19746	
11.00000	0.81180	11.00000	0.06552	11.00000	0.23934	11.00000	-0.10831	11.00000	0.33004	
12.00000	0.81932	12.00000	0.06649	12.00000	0.25387	12.00000	-0.12090	12.00000	0.44288	
13.00000	0.80449	13.00000	0.05399	13.00000	0.29109	13.00000	-0.18310	13.00000	0.44429	
14.00000	0.79618	14.00000	0.04493	14.00000	0.29396	14.00000	-0.20409	14.00000	0.34979	
15.00000	0.80549	15.00000	0.02156	15.00000	0.24084	15.00000	-0.19773	15.00000	0.34838	
16.00000	0.81610	16.00000	0.03267	16.00000	0.25155	16.00000	-0.18621	16.00000	0.17913	
17.00000	0.80982	17.00000	0.03328	17.00000	0.25293	17.00000	-0.18637	17.00000	0.22990	
18.00000	0.80885	18.00000	0.01689	18.00000	0.22623	18.00000	-0.19244	18.00000	0.33286	
19.00000	0.82358	19.00000	0.03460	19.00000	0.22116	19.00000	-0.15196	19.00000	0.35825	
20.00000	0.82578	20.00000	0.03385	20.00000	0.21637	20.00000	-0.14867	20.00000	0.34274	
21.00000	0.64337	21.00000	0.03522	21.00000	0.22076	21.00000	-0.15032	21.00000	0.42736	
22.00000	0.64370	22.00000	0.01961	22.00000	0.19897	22.00000	-0.15974	22.00000	0.32722	
23.00000	0.64814	23.00000	0.02253	23.00000	0.18245	23.00000	-0.13739	23.00000	0.22426	
24.00000	0.66123	24.00000	0.04619	24.00000	0.19903	24.00000	-0.10665	24.00000	0.20028	
25.00000	0.65961	25.00000	0.05702	25.00000	0.19630	25.00000	-0.08227	25.00000	0.45134	
26.00000	0.64861	26.00000	0.02390	26.00000	0.16993	26.00000	-0.12212	26.00000	0.33709	
27.00000	0.64852	27.00000	0.02000	27.00000	0.16855	27.00000	-0.12855	27.00000	0.35966	
28.00000	0.63945	28.00000	0.03805	28.00000	0.19605	28.00000	-0.11995	28.00000	0.35825	
29.00000	0.49730	29.00000	0.03482	29.00000	0.19858	29.00000	-0.12893	29.00000	0.31030	
30.00000	0.48674	30.00000	0.04603	30.00000	0.21122	30.00000	-0.11917	30.00000	0.15938	
31.00000	0.46943	31.00000	0.04366	31.00000	0.22434	31.00000	-0.13702	31.00000	0.19605	
32.00000	0.45203	32.00000	0.04003	32.00000	0.21249	32.00000	-0.13244	32.00000	0.28914	
33.00000	0.45943	33.00000	0.05031	33.00000	0.20138	33.00000	-0.10075	33.00000	0.42031	
34.00000	0.45154	34.00000	0.05832	34.00000	0.19925	34.00000	-0.08260	34.00000	0.40621	
35.00000	0.45592	35.00000	0.03893	35.00000	0.16453	35.00000	-0.08667	35.00000	0.51622	
36.00000	0.45385	36.00000	0.05175	36.00000	0.18135	36.00000	-0.07785	36.00000	0.41608	
37.00000	0.45019	37.00000	0.05129	37.00000	0.18115	37.00000	-0.07856	37.00000	0.20028	
38.00000	0.44834	38.00000	0.08154	38.00000	0.21552	38.00000	-0.05244	38.00000	0.25811	
39.00000	0.44488	39.00000	0.07572	39.00000	0.20538	39.00000	-0.05394	39.00000	0.46685	
40.00000	0.45010	40.00000	0.07797	40.00000	0.20053	40.00000	-0.04458	40.00000	0.37518	
41.00000	0.46315	41.00000	0.05817	41.00000	0.17688	41.00000	-0.06054	41.00000	0.31453	
42.00000	0.47139	42.00000	0.04844	42.00000	0.16929	42.00000	-0.07241	42.00000	0.43018	
43.00000	0.48225	43.00000	0.04022	43.00000	0.17966	43.00000	-0.09922	43.00000	0.27786	
44.00000	0.47180	44.00000	0.03356	44.00000	0.16402	44.00000	-0.09690	44.00000	0.18477	
45.00000	0.47172	45.00000	0.02511	45.00000	0.21937	45.00000	-0.16915	45.00000	0.18618	
46.00000	0.45976	46.00000	0.03963	46.00000	0.28181	46.00000	-0.20255	46.00000	0.43583	
47.00000	0.46548	47.00000	0.02761	47.00000	0.27665	47.00000	-0.22144	47.00000	0.40056	
48.00000	0.48742	48.00000	0.05433	48.00000	0.30118	48.00000	-0.19252	48.00000	0.38364	
49.00000	0.67806	49.00000	0.05619	49.00000	0.30027	49.00000	-0.18789	49.00000	0.38646	
50.00000	0.76430	50.00000	0.05590	50.00000	0.29297	50.00000	-0.18117	50.00000	0.30324	
51.00000	0.76123	51.00000	0.06110	51.00000	0.29904	51.00000	-0.17684	51.00000	0.18195	
52.00000	0.75500	52.00000	0.08881	52.00000	0.34489	52.00000	-0.16727	52.00000	0.22849	
53.00000	0.73641	53.00000	0.05753	53.00000	0.31133	53.00000	-0.19628	53.00000	0.28914	
54.00000	0.71261	54.00000	0.05502	54.00000	0.30775	54.00000	-0.19772	54.00000	0.52327	
55.00000	0.71685	55.00000	0.06922	55.00000	0.33565	55.00000	-0.19720	55.00000	0.54302	
56.00000	0.72016	56.00000	0.06799	56.00000	0.33486	56.00000	-0.19888	56.00000	0.87729	
57.00000	0.78539	57.00000	0.06729	57.00000	0.32760	57.00000	-0.19301	57.00000	0.65444	
58.00000	0.79410	58.00000	0.06690	58.00000	0.32818	58.00000	-0.19438	58.00000	0.27221	
59.00000	0.78966	59.00000	0.05363	59.00000	0.32381	59.00000	-0.21654	59.00000	0.32299	
60.00000	0.78069	60.00000	0.05133	60.00000	0.32665	60.00000	-0.22399	60.00000	0.74471	
61.00000	0.78035	61.00000	0.05353	61.00000	0.33713	61.00000	-0.23007	61.00000	1.00000	
62.00000	0.87201	62.00000	0.06262	62.00000	0.34861	62.00000	-0.22337	62.00000	0.51340	
63.00000	0.87129	63.00000	0.07477	63.00000	0.36012	63.00000	-0.21057	63.00000	0.55430	
64.00000	0.87583	64.00000	0.07370	64.00000	0.35740	64.00000	-0.21000	64.00000	0.52891	
65.00000	0.89735	65.00000	0.07687	65.00000	0.36563	65.00000	-0.21190	65.00000	0.22849	
66.00000	0.90024	66.00000	0.03761	66.00000	0.28326	66.00000	-0.20805	66.00000	0.39915	
67.00000	0.90925	67.00000	0.05946	67.00000	0.32126	67.00000	-0.20234	67.00000	0.53738	
68.00000	0.90564	68.00000	0.06000	68.00000	0.30685	68.00000	-0.18686	68.00000	0.52045	
69.00000	0.89808	69.00000	0.07136	69.00000	0.32991	69.00000	-0.18718	69.00000	0.55994	
70.00000	0.88928	70.00000	0.08117	70.00000	0.32254	70.00000	-0.16019	70.00000	0.46403	
71.00000	0.90056	71.00000	0.10885	71.00000	0.35340	71.00000	-0.13570	71.00000	0.42595	
72.00000	0.91102	72.00000	0.11883	72.00000	0.36333	72.00000	-0.12567	72.00000	0.21016	
73.00000	0.91500	73.00000	0.12231	73.00000	0.35365	73.00000	-0.10903	73.00000	0.27645	
74.00000	0.92460	74.00000	0.13261	74.00000	0.38717	74.00000	-0.12195	74.00000	0.54866	
75.00000	0.92289	75.00000	0.13763	75.00000	0.38472	75.00000	-0.10946	75.00000	0.67560	
76.00000	0.91361	76.00000	0.10350	76.00000	0.33480	76.00000	-0.12781	76.00000	0.59379	
77.00000	0.90872	77.00000	0.09670	77.00000	0.31007	77.00000	-0.11668	77.00000	0.64457	
78.00000	0.90148	78.00000	0.09601	78.00000	0.30002	78.00000	-0.10800	78.00000	0.46544	
79.00000	0.90725	79.00000	0.12351	79.00000	0.31906	79.00000	-0.07203	79.00000	0.21439	
80.00000	0.90298	80.00000	0.09878	80.00000	0.30326	80.00000	-0.10569	80.00000	0.33992	
81.00000	0.88947	81.00000	0.12753	81.00000	0.33971	81.00000	-0.08466	81.00000	0.53738	
82.00000	0.67114	82.00000	0.14114	82.00000	0.34592	82.00000	-0.06364	82.00000	0.63188	
83.00000	0.65489	83.00000	0.15218	83.00000	0.36867	83.00000	-0.06431	83.00000	0.62482	
84.00000	0.65778	84.00000	0.14547	84.00000	0.35360	84.00000	-0.06266	84.00000	0.49365	
85.00000	0.65705	85.00000	0.15102	85.00000	0.36742	85.00000	-0.06539	85.00000	0.44006	
86.00000	0.64780	86.00000	0.14818	86.00000	0.35900	86.00000	-0.06263	86.00000	0.26093	
87.00000	0.66372	87.00000	0.16522	87.00000	0.36544	87.00000	-0.03500	87.00000	0.26798	
88.00000	0.66631	88.00000	0.16308	88.00000	0.36065	88.00000	-0.03449	88.00000	0.52045	
89.00000	0.67990	89.00000	0.18270	89.00000	0.37587	89.00000	-0.01046	89.00000	0.53879	
90.00000	0.70629	90.00000	0.18087	90.00000	0.36730	90.00000	-0.00557	90.00000	0.45839	
91.00000	0.69991	91.00000	0.17284	91.00000	0.36657	91.00000	-0.02088	91.00000	0.38646	
92.00000	0.68578	92.00000	0.17030	92.00000	0.36403	92.00000	-0.02343	92.00000	0.28209	
93.00000	0.69631	93.00000	0.17621	93.00000	0.37431	93.00000	-0.02189	93.00000	0.20310	
94.00000	0.69288	94.00000	0.16699	94.00000	0.34418	94.00000	-0.01020	94.00000	0.20874	
95.00000	0.68646	95.00000	0.16323	95.00000	0.33406	95.00000	-0.00760	95.00000	0.35684	
96.00000	0.69347	96.00000	0.15460	96.00000	0.32042	96.00000	-0.01123	96.00000	0.42595	
97.00000	0.71042	97.00000	0.15106	97.00000	0.31008	97.00000	-0.00796	97.00000	0.47109	
98.00000	0.73292	98.00000	0.19160	98.00000	0.35092	98.00000	0.03229	98.00000	0.29055	
99.00000	0.72461	99.00000	0.20120	99.00000	0.36003	99.00000	0.04236	99.00000	0.16079	
100.00000	0.70531	100.00000	0.19668	100.00000	0.35590	100.00000	0.03746	100.00000	0.15656	
101.00000	0.69890	101.00000	0.23068	101.00000	0.38228	101.00000	0.07909	101.00000	0.12271	
102.00000	0.68240	102.00000	0.23115	102.00000	0.38947	102.00000	0.07283	102.00000	0.17772	
103.00000	0.67418	103.00000	0.24288	103.00000	0.42793	103.00000	0.05783	103.00000	0.40903	
104.00000	0.58493	104.00000	0.25038	104.00000	0.44810	104.00000	0.05266	104.00000	0.40621	
105.00000	0.59867	105.00000	0.24905	105.00000	0.43935	105.00000	0.05876	105.00000	0.39492	
106.00000	0.59912	106.00000	0.25165	106.00000	0.43188	106.00000	0.07142	106.00000	0.37236	
107.00000	0.60007	107.00000	0.24742	107.00000	0.43057	107.00000	0.06427	107.00000	0.16220	
108.00000	0.60244	108.00000	0.24159	108.00000	0.41518	108.00000	0.06799	108.00000	0.24401	
109.00000	0.61366	109.00000	0.23799	109.00000	0.40424	109.00000	0.07174	109.00000	0.41749	
110.00000	0.66763	110.00000	0.21876	110.00000	0.37350	110.00000	0.06403	110.00000	0.47673	
111.00000	0.65840	111.00000	0.20294	111.00000	0.34686	111.00000	0.05901	111.00000	0.41749	
112.00000	0.65766	112.00000	0.21622	112.00000	0.34957	112.00000	0.08288	112.00000	0.45275	
113.00000	0.65376	113.00000	0.21640	113.00000	0.35436	113.00000	0.07844	113.00000	0.39633	
114.00000	0.66637	114.00000	0.22619	114.00000	0.37970	114.00000	0.07268	114.00000	0.13963	
115.00000	0.64825	115.00000	0.20624	115.00000	0.36750	115.00000	0.04498	115.00000	0.23977	
116.00000	0.63113	116.00000	0.19115	116.00000	0.36580	116.00000	0.01651	116.00000	0.45416	
117.00000	0.53849	117.00000	0.19146	117.00000	0.36888	117.00000	0.01404	117.00000	0.52186	
118.00000	0.54241	118.00000	0.19125	118.00000	0.37720	118.00000	0.00530	118.00000	0.60931	
119.00000	0.58574	119.00000	0.19422	119.00000	0.37657	119.00000	0.01187	119.00000	0.48519	
120.00000	0.63730	120.00000	0.18941	120.00000	0.37522	120.00000	0.00359	120.00000	0.18618	
121.00000	0.61885	121.00000	0.18128	121.00000	0.35902	121.00000	0.00354	121.00000	0.18900	
122.00000	0.57101	122.00000	0.17719	122.00000	0.39233	122.00000	-0.03794	122.00000	0.19323	
123.00000	0.51865	123.00000	0.16856	123.00000	0.37344	123.00000	-0.03632	123.00000	0.38082	
124.00000	0.45334	124.00000	0.17070	124.00000	0.36183	124.00000	-0.02042	124.00000	0.48096	
125.00000	0.50272	125.00000	0.17658	125.00000	0.37533	125.00000	-0.02217	125.00000	0.47109	
126.00000	0.56928	126.00000	0.16441	126.00000	0.35275	126.00000	-0.02394	126.00000	0.47532	
127.00000	0.61220	127.00000	0.16453	127.00000	0.35171	127.00000	-0.02265	127.00000	0.34274	
128.00000	0.60824	128.00000	0.15681	128.00000	0.34604	128.00000	-0.03242	128.00000	0.15656	
129.00000	0.54265	129.00000	0.11017	129.00000	0.34193	129.00000	-0.12158	129.00000	0.19605	
130.00000	0.48040	130.00000	0.05399	130.00000	0.27094	130.00000	-0.16296	130.00000	0.44288	
131.00000	0.45903	131.00000	0.03608	131.00000	0.21255	131.00000	-0.14039	131.00000	0.43865	
132.00000	0.45391	132.00000	0.03283	132.00000	0.23279	132.00000	-0.16713	132.00000	0.49224	
133.00000	0.47811	133.00000	0.03505	133.00000	0.23378	133.00000	-0.16369	133.00000	0.42031	
134.00000	0.49816	134.00000	0.02877	134.00000	0.22893	134.00000	-0.17140	134.00000	0.35402	
135.00000	0.50254	135.00000	0.03444	135.00000	0.21839	135.00000	-0.14951	135.00000	0.20028	
136.00000	0.49229	136.00000	0.02372	136.00000	0.23680	136.00000	-0.18936	136.00000	0.22285	
137.00000	0.48357	137.00000	0.02425	137.00000	0.19524	137.00000	-0.14674	137.00000	0.44006	
138.00000	0.51353	138.00000	0.05591	138.00000	0.21579	138.00000	-0.10397	138.00000	0.41044	
139.00000	0.52049	139.00000	0.07219	139.00000	0.23865	139.00000	-0.09427	139.00000	0.30606	
140.00000	0.50902	140.00000	0.07060	140.00000	0.23302	140.00000	-0.09183	140.00000	0.24542	
141.00000	0.47937	141.00000	0.07156	141.00000	0.22904	141.00000	-0.08593	141.00000	0.29901	
142.00000	0.46743	142.00000	0.07082	142.00000	0.23020	142.00000	-0.08856	142.00000	0.14528	
143.00000	0.45522	143.00000	0.08122	143.00000	0.21851	143.00000	-0.05607	143.00000	0.17207	
144.00000	0.44755	144.00000	0.04799	144.00000	0.18777	144.00000	-0.09178	144.00000	0.39210	
145.00000	0.43643	145.00000	0.05561	145.00000	0.19300	145.00000	-0.08178	145.00000	0.40621	
146.00000	0.43881	146.00000	0.06587	146.00000	0.18607	146.00000	-0.05433	146.00000	0.41467	
147.00000	0.43091	147.00000	0.05193	147.00000	0.14512	147.00000	-0.04126	147.00000	0.45839	
148.00000	0.44726	148.00000	0.07457	148.00000	0.15515	148.00000	-0.00601	148.00000	0.42736	
149.00000	0.46668	149.00000	0.08974	149.00000	0.19740	149.00000	-0.01792	149.00000	0.19182	
150.00000	0.48041	150.00000	0.11863	150.00000	0.21329	150.00000	0.02397	150.00000	0.17489	
151.00000	0.49044	151.00000	0.13952	151.00000	0.24630	151.00000	0.03275	151.00000	0.21016	
152.00000	0.49772	152.00000	0.15885	152.00000	0.27142	152.00000	0.04628	152.00000	0.59520	
153.00000	0.54742	153.00000	0.15842	153.00000	0.28623	153.00000	0.03060	153.00000	0.52327	
154.00000	0.54758	154.00000	0.17409	154.00000	0.34690	154.00000	0.00128	154.00000	0.42172	
155.00000	0.53863	155.00000	0.17597	155.00000	0.35821	155.00000	-0.00627	155.00000	0.34838	
156.00000	0.53273	156.00000	0.19457	156.00000	0.39314	156.00000	-0.00400	156.00000	0.19464	
157.00000	0.56484	157.00000	0.25323	157.00000	0.44600	157.00000	0.06046	157.00000	0.27080	
158.00000	0.58240	158.00000	0.26644	158.00000	0.47481	158.00000	0.05806	158.00000	0.42736	
159.00000	0.55295	159.00000	0.29228	159.00000	0.52487	159.00000	0.05969	159.00000	0.51058	
160.00000	0.46271	160.00000	0.24098	160.00000	0.46217	160.00000	0.01979	160.00000	0.42454	
161.00000	0.57246	161.00000	0.23072	161.00000	0.43891	161.00000	0.02253	161.00000	0.35402	
162.00000	0.60704	162.00000	0.21301	162.00000	0.41183	162.00000	0.01420	162.00000	0.27645	
163.00000	0.65660	163.00000	0.21480	163.00000	0.40851	163.00000	0.02109	163.00000	0.17489	
164.00000	0.65898	164.00000	0.20479	164.00000	0.40213	164.00000	0.00745	164.00000	0.22849	
165.00000	0.66734	165.00000	0.20675	165.00000	0.42054	165.00000	-0.00704	165.00000	0.46121	
166.00000	0.58012	166.00000	0.11719	166.00000	0.33796	166.00000	-0.10357	166.00000	0.46968	
167.00000	0.52320	167.00000	0.12909	167.00000	0.35468	167.00000	-0.09649	167.00000	0.44429	
168.00000	0.46491	168.00000	0.10567	168.00000	0.29467	168.00000	-0.08334	168.00000	0.43583	
169.00000	0.44459	169.00000	0.07739	169.00000	0.25338	169.00000	-0.09860	169.00000	0.38082	
170.00000	0.41608	170.00000	0.09636	170.00000	0.28469	170.00000	-0.09198	170.00000	0.22426	
171.00000	0.41705	171.00000	0.08715	171.00000	0.27523	171.00000	-0.10093	171.00000	0.21439	
172.00000	0.46684	172.00000	0.05135	172.00000	0.22017	172.00000	-0.11747	172.00000	0.39492	
173.00000	0.47428	173.00000	0.03126	173.00000	0.16437	173.00000	-0.10186	173.00000	0.36812	
174.00000	0.52034	174.00000	0.02556	174.00000	0.14509	174.00000	-0.09398	174.00000	0.40621	
175.00000	0.52059	175.00000	0.01761	175.00000	0.13347	175.00000	-0.09824	175.00000	0.36671	
176.00000	0.57655	176.00000	0.06089	176.00000	0.18133	176.00000	-0.05954	176.00000	0.32722	
177.00000	0.61340	177.00000	0.06741	177.00000	0.18213	177.00000	-0.04730	177.00000	0.18336	
178.00000	0.64899	178.00000	0.04770	178.00000	0.17611	178.00000	-0.08072	178.00000	0.20733	
179.00000	0.69884	179.00000	0.01542	179.00000	0.15275	179.00000	-0.12190	179.00000	0.33004	
180.00000	0.71236	180.00000	0.00521	180.00000	0.14759	180.00000	-0.13718	180.00000	0.41185	
181.00000	0.73047	181.00000	0.04974	181.00000	0.18167	181.00000	-0.08219	181.00000	0.38364	
182.00000	0.74875	182.00000	0.02871	182.00000	0.16884	182.00000	-0.11141	182.00000	0.36671	
183.00000	0.72337	183.00000	0.04430	183.00000	0.18308	183.00000	-0.09449	183.00000	0.34274	
184.00000	0.72760	184.00000	0.05745	184.00000	0.19082	184.00000	-0.07591	184.00000	0.13681	
185.00000	0.73923	185.00000	0.02619	185.00000	0.14269	185.00000	-0.09030	185.00000	0.25106	
186.00000	0.77388	186.00000	0.00084	186.00000	0.15052	186.00000	-0.14884	186.00000	0.40339	
187.00000	0.80543	187.00000	0.01721	187.00000	0.16362	187.00000	-0.12919	187.00000	0.44429	
188.00000	0.81689	188.00000	0.02739	188.00000	0.19066	188.00000	-0.13588	188.00000	0.40762	
189.00000	0.82595	189.00000	0.02519	189.00000	0.17554	189.00000	-0.12516	189.00000	0.35402	
190.00000	0.83568	190.00000	0.02414	190.00000	0.17190	190.00000	-0.12363	190.00000	0.34274	
191.00000	0.82900	191.00000	0.02136	191.00000	0.16877	191.00000	-0.12604	191.00000	0.34697	
192.00000	0.85208	192.00000	0.01165	192.00000	0.15274	192.00000	-0.12944	192.00000	0.37659	
193.00000	0.85210	193.00000	0.02581	193.00000	0.16242	193.00000	-0.11080	193.00000	0.54443	
194.00000	0.85948	194.00000	0.02330	194.00000	0.17005	194.00000	-0.12344	194.00000	0.45557	
195.00000	0.82063	195.00000	0.02118	195.00000	0.16218	195.00000	-0.11983	195.00000	0.50212	
196.00000	0.81894	196.00000	0.04672	196.00000	0.19300	196.00000	-0.09956	196.00000	0.31312	
197.00000	0.82747	197.00000	0.06335	197.00000	0.23066	197.00000	-0.10397	197.00000	0.40339	
198.00000	0.83828	198.00000	0.04695	198.00000	0.22458	198.00000	-0.13068	198.00000	0.29619	
199.00000	0.85081	199.00000	0.04438	199.00000	0.23113	199.00000	-0.14238	199.00000	0.22003	
200.00000	0.87703	200.00000	0.06754	200.00000	0.26753	200.00000	-0.13246	200.00000	0.46827	
201.00000	0.87285	201.00000	0.09167	201.00000	0.27606	201.00000	-0.09272	201.00000	0.50917	
202.00000	0.85681	202.00000	0.06993	202.00000	0.25489	202.00000	-0.11502	202.00000	0.42595	
203.00000	0.85543	203.00000	0.06968	203.00000	0.25172	203.00000	-0.11237	203.00000	0.41185	
204.00000	0.85579	204.00000	0.06754	204.00000	0.25205	204.00000	-0.11696	204.00000	0.35402	
205.00000	0.81064	205.00000	0.06970	205.00000	0.25181	205.00000	-0.11240	205.00000	0.16784	
206.00000	0.78208	206.00000	0.06944	206.00000	0.24347	206.00000	-0.10459	206.00000	0.23836	
207.00000	0.77716	207.00000	0.08203	207.00000	0.25964	207.00000	-0.09557	207.00000	0.35120	
208.00000	0.76157	208.00000	0.08035	208.00000	0.26709	208.00000	-0.10638	208.00000	0.44993	
209.00000	0.76753	209.00000	0.05265	209.00000	0.22179	209.00000	-0.11649	209.00000	0.49647	
210.00000	0.78958	210.00000	0.06963	210.00000	0.25836	210.00000	-0.11910	210.00000	0.50071	
211.00000	0.82196	211.00000	0.06749	211.00000	0.26376	211.00000	-0.12879	211.00000	0.29337	
212.00000	0.82385	212.00000	0.05057	212.00000	0.25053	212.00000	-0.14939	212.00000	0.13963	
213.00000	0.82164	213.00000	0.05780	213.00000	0.25274	213.00000	-0.13714	213.00000	0.16502	
214.00000	0.81477	214.00000	0.06977	214.00000	0.26219	214.00000	-0.12265	214.00000	0.38082	
215.00000	0.82196	215.00000	0.09340	215.00000	0.26444	215.00000	-0.07765	215.00000	0.47532	
216.00000	0.82422	216.00000	0.09024	216.00000	0.24898	216.00000	-0.06851	216.00000	0.40197	
217.00000	0.84809	217.00000	0.07911	217.00000	0.24303	217.00000	-0.08482	217.00000	0.38364	
218.00000	0.85869	218.00000	0.07681	218.00000	0.23492	218.00000	-0.08130	218.00000	0.41467	
219.00000	0.89937	219.00000	0.07523	219.00000	0.22324	219.00000	-0.07279	219.00000	0.19041	
220.00000	0.88926	220.00000	0.07429	220.00000	0.19699	220.00000	-0.04841	220.00000	0.21439	
221.00000	0.88627	221.00000	0.04007	221.00000	0.17279	221.00000	-0.09265	221.00000	0.45416	
222.00000	0.91833	222.00000	0.02293	222.00000	0.17060	222.00000	-0.12475	222.00000	0.35684	
223.00000	0.91925	223.00000	0.03357	223.00000	0.17935	223.00000	-0.11222	223.00000	0.44288	
224.00000	0.92237	224.00000	0.03089	224.00000	0.15414	224.00000	-0.09237	224.00000	0.50353	
225.00000	0.92401	225.00000	0.00430	225.00000	0.14083	225.00000	-0.13223	225.00000	0.40480	
226.00000	0.92803	226.00000	-0.00476	226.00000	0.13155	226.00000	-0.14107	226.00000	0.15938	
227.00000	0.92106	227.00000	0.01208	227.00000	0.08696	227.00000	-0.06280	227.00000	0.18054	
228.00000	0.89051	228.00000	0.01500	228.00000	0.11690	228.00000	-0.08690	228.00000	0.43865	
229.00000	0.88331	229.00000	0.00551	229.00000	0.10862	229.00000	-0.09760	229.00000	0.37094	
230.00000	0.88600	230.00000	-0.01556	230.00000	0.07824	230.00000	-0.10937	230.00000	0.37518	
231.00000	0.86773	231.00000	0.01576	231.00000	0.09353	231.00000	-0.06201	231.00000	0.34274	
232.00000	0.88238	232.00000	0.00756	232.00000	0.09057	232.00000	-0.07544	232.00000	0.36248	
233.00000	0.88702	233.00000	0.00687	233.00000	0.09181	233.00000	-0.07806	233.00000	0.23413	
234.00000	0.88010	234.00000	0.01417	234.00000	0.13174	234.00000	-0.10341	234.00000	0.22003	
235.00000	0.87430	235.00000	0.00856	235.00000	0.13132	235.00000	-0.11420	235.00000	0.35825	
236.00000	0.85619	236.00000	0.01613	236.00000	0.15808	236.00000	-0.12582	236.00000	0.48660	
237.00000	0.88722	237.00000	0.12975	237.00000	0.28269	237.00000	-0.02319	237.00000	0.50917	
238.00000	0.91389	238.00000	0.18128	238.00000	0.36276	238.00000	-0.00020	238.00000	0.33709	
239.00000	0.92764	239.00000	0.22161	239.00000	0.43181	239.00000	0.01140	239.00000	0.27221	
240.00000	0.93655	240.00000	0.24999	240.00000	0.47887	240.00000	0.02110	240.00000	0.11142	
241.00000	0.94249	241.00000	0.27071	241.00000	0.51578	241.00000	0.02564	241.00000	0.16220	
242.00000	0.94820	242.00000	0.29374	242.00000	0.55639	242.00000	0.03110	242.00000	0.39069	
243.00000	0.95315	243.00000	0.30595	243.00000	0.58093	243.00000	0.03097	243.00000	0.36248	
244.00000	0.95632	244.00000	0.31978	244.00000	0.60134	244.00000	0.03821	244.00000	0.44288	
245.00000	0.95861	245.00000	0.33634	245.00000	0.62528	245.00000	0.04740	245.00000	0.42595	
246.00000	0.95772	246.00000	0.33003	246.00000	0.60848	246.00000	0.05158	246.00000	0.37377	
247.00000	0.95822	247.00000	0.34620	247.00000	0.63096	247.00000	0.06144	247.00000	0.15938	
248.00000	0.95588	248.00000	0.36350	248.00000	0.65642	248.00000	0.07057	248.00000	0.23695	
249.00000	0.95232	249.00000	0.36868	249.00000	0.66347	249.00000	0.07389	249.00000	0.44429	
250.00000	0.95454	250.00000	0.38808	250.00000	0.69448	250.00000	0.08167	250.00000	0.51199	
251.00000	0.95886	251.00000	0.37975	251.00000	0.68128	251.00000	0.07821	251.00000	0.44852	
252.00000	0.95452	252.00000	0.38803	252.00000	0.69508	252.00000	0.08098	252.00000	0.48096	
253.00000	0.95621	253.00000	0.38175	253.00000	0.68819	253.00000	0.07530	253.00000	0.43159	
254.00000	0.95526	254.00000	0.38472	254.00000	0.69907	254.00000	0.07038	254.00000	0.23554	
255.00000	0.95551	255.00000	0.38898	255.00000	0.70429	255.00000	0.07368	255.00000	0.22003	
256.00000	0.96101	256.00000	0.39500	256.00000	0.71202	256.00000	0.07798	256.00000	0.46544	
257.00000	0.96061	257.00000	0.39680	257.00000	0.71794	257.00000	0.07565	257.00000	0.44852	
258.00000	0.95532	258.00000	0.40851	258.00000	0.73652	258.00000	0.08050	258.00000	0.42736	
259.00000	0.96104	259.00000	0.41320	259.00000	0.73801	259.00000	0.08838	259.00000	0.44711	
260.00000	0.96132	260.00000	0.42205	260.00000	0.75119	260.00000	0.09291	260.00000	0.40197	
261.00000	0.95917	261.00000	0.42110	261.00000	0.74941	261.00000	0.09280	261.00000	0.22567	
262.00000	0.96359	262.00000	0.42879	262.00000	0.76238	262.00000	0.09521	262.00000	0.22990	
263.00000	0.96652	263.00000	0.42837	263.00000	0.76137	263.00000	0.09538	263.00000	0.41185	
264.00000	0.96412	264.00000	0.42965	264.00000	0.76450	264.00000	0.09480	264.00000	0.00000	
265.00000	0.93828	265.00000	0.43169	265.00000	0.73745	265.00000	0.12593	265.00000	0.00000	
266.00000	0.89624	266.00000	0.40354	266.00000	0.69161	266.00000	0.11548	266.00000	0.00000	
267.00000	0.88905	267.00000	0.39036	267.00000	0.66977	267.00000	0.11095	267.00000	0.00000	
268.00000	0.88334	268.00000	0.37990	268.00000	0.63185	268.00000	0.12795	268.00000	0.00000	
269.00000	0.86821	269.00000	0.35712	269.00000	0.59706	269.00000	0.11717	269.00000	0.00000	
270.00000	0.84855	270.00000	0.32653	270.00000	0.55320	270.00000	0.09986	270.00000	0.00000	
271.00000	0.82484	271.00000	0.28186	271.00000	0.48878	271.00000	0.07494	271.00000	0.00000	
272.00000	0.78545	272.00000	0.24173	272.00000	0.43474	272.00000	0.04873	272.00000	0.00000	
273.00000	0.71533	273.00000	0.16481	273.00000	0.33781	273.00000	-0.00818	273.00000	0.37941	
274.00000	0.70763	274.00000	0.17028	274.00000	0.35048	274.00000	-0.00991	274.00000	0.38223	
275.00000	0.69853	275.00000	0.16677	275.00000	0.34654	275.00000	-0.01300	275.00000	0.23554	
276.00000	0.70252	276.00000	0.14863	276.00000	0.32333	276.00000	-0.02606	276.00000	0.29196	
277.00000	0.70460	277.00000	0.15340	277.00000	0.32239	277.00000	-0.01559	277.00000	0.47532	
278.00000	0.70588	278.00000	0.12946	278.00000	0.26575	278.00000	-0.00683	278.00000	0.42877	
279.00000	0.71205	279.00000	0.14976	279.00000	0.27813	279.00000	0.02140	279.00000	0.52327	
280.00000	0.71241	280.00000	0.15350	280.00000	0.27587	280.00000	0.03114	280.00000	0.47955	
281.00000	0.71043	281.00000	0.16378	281.00000	0.29943	281.00000	0.02814	281.00000	0.44993	
282.00000	0.71164	282.00000	0.15613	282.00000	0.29783	282.00000	0.01443	282.00000	0.23131	
283.00000	0.69928	283.00000	0.15274	283.00000	0.28698	283.00000	0.01851	283.00000	0.27080	
284.00000	0.68534	284.00000	0.14890	284.00000	0.27643	284.00000	0.02137	284.00000	0.49224	
285.00000	0.69628	285.00000	0.14272	285.00000	0.29654	285.00000	-0.01109	285.00000	0.59520	
286.00000	0.70775	286.00000	0.14202	286.00000	0.30311	286.00000	-0.01908	286.00000	0.48378	
287.00000	0.71089	287.00000	0.17949	287.00000	0.35696	287.00000	0.00202	287.00000	0.07616	
288.00000	0.61872	288.00000	0.12953	288.00000	0.35008	288.00000	-0.09101	288.00000	0.38928	
289.00000	0.60614	289.00000	0.09746	289.00000	0.32008	289.00000	-0.12516	289.00000	0.25529	
290.00000	0.58103	290.00000	0.08313	290.00000	0.28046	290.00000	-0.11420	290.00000	0.29196	
291.00000	0.53241	291.00000	0.06504	291.00000	0.25720	291.00000	-0.12712	291.00000	0.57546	
292.00000	0.55967	292.00000	0.06828	292.00000	0.26143	292.00000	-0.12487	292.00000	0.54443	
293.00000	0.58795	293.00000	0.06492	293.00000	0.26571	293.00000	-0.13587	293.00000	0.54020	
294.00000	0.75451	294.00000	0.07956	294.00000	0.28739	294.00000	-0.12826	294.00000	0.53738	
295.00000	0.85333	295.00000	0.10974	295.00000	0.32108	295.00000	-0.10161	295.00000	0.52186	
296.00000	0.82142	296.00000	0.12687	296.00000	0.34719	296.00000	-0.09344	296.00000	0.29760	
297.00000	0.83208	297.00000	0.13821	297.00000	0.36176	297.00000	-0.08534	297.00000	0.32440	
298.00000	0.86473	298.00000	0.18570	298.00000	0.38747	298.00000	-0.01607	298.00000	0.57546	
299.00000	0.86712	299.00000	0.20519	299.00000	0.40669	299.00000	0.00369	299.00000	0.60508	
300.00000	0.85841	300.00000	0.20018	300.00000	0.41696	300.00000	-0.01661	300.00000	0.61636	
301.00000	0.85757	301.00000	0.21147	301.00000	0.43333	301.00000	-0.01039	301.00000	0.59661	
302.00000	0.86010	302.00000	0.21355	302.00000	0.44036	302.00000	-0.01326	302.00000	0.55430	
303.00000	0.86696	303.00000	0.21373	303.00000	0.43868	303.00000	-0.01122	303.00000	0.27504	
304.00000	0.87902	304.00000	0.21394	304.00000	0.42305	304.00000	0.00484	304.00000	0.32863	
305.00000	0.87613	305.00000	0.21960	305.00000	0.43552	305.00000	0.00369	305.00000	0.49929	
306.00000	0.87317	306.00000	0.22746	306.00000	0.44477	306.00000	0.01015	306.00000	0.62341	
307.00000	0.86346	307.00000	0.20115	307.00000	0.44179	307.00000	-0.03949	307.00000	0.64880	
308.00000	0.86021	308.00000	0.20161	308.00000	0.44824	308.00000	-0.04501	308.00000	0.68265	
309.00000	0.85497	309.00000	0.21867	309.00000	0.45969	309.00000	-0.02236	309.00000	0.50917	
310.00000	0.84933	310.00000	0.23144	310.00000	0.47458	310.00000	-0.01170	310.00000	0.31594	
311.00000	0.84218	311.00000	0.22360	311.00000	0.46517	311.00000	-0.01796	311.00000	0.40197	
312.00000	0.83057	312.00000	0.22740	312.00000	0.48329	312.00000	-0.02849	312.00000	0.76023	
313.00000	0.78530	313.00000	0.24468	313.00000	0.50686	313.00000	-0.01751	313.00000	0.62482	
314.00000	0.75549	314.00000	0.25492	314.00000	0.51724	314.00000	-0.00740	314.00000	0.58251	
315.00000	0.70444	315.00000	0.16777	315.00000	0.38603	315.00000	-0.05050	315.00000	0.47532	
316.00000	0.67939	316.00000	0.16954	316.00000	0.34728	316.00000	-0.00820	316.00000	0.52750	
317.00000	0.63197	317.00000	0.18784	317.00000	0.37640	317.00000	-0.00072	317.00000	0.30889	
318.00000	0.66073	318.00000	0.17637	318.00000	0.36841	318.00000	-0.01566	318.00000	0.31735	
319.00000	0.72477	319.00000	0.14844	319.00000	0.33653	319.00000	-0.03965	319.00000	0.54302	
320.00000	0.63294	320.00000	0.13057	320.00000	0.34961	320.00000	-0.08847	320.00000	0.43724	
321.00000	0.58666	321.00000	0.09377	321.00000	0.29070	321.00000	-0.10317	321.00000	0.42877	
322.00000	0.53459	322.00000	0.08038	322.00000	0.27909	322.00000	-0.11834	322.00000	0.35402	
323.00000	0.53338	323.00000	0.08746	323.00000	0.28390	323.00000	-0.10898	323.00000	0.41749	
324.00000	0.61408	324.00000	0.09123	324.00000	0.28679	324.00000	-0.10434	324.00000	0.29760	
325.00000	0.63189	325.00000	0.08955	325.00000	0.27897	325.00000	-0.09988	325.00000	0.18336	
326.00000	0.57920	326.00000	0.05827	326.00000	0.27081	326.00000	-0.15427	326.00000	0.31030	
327.00000	0.59325	327.00000	0.02071	327.00000	0.25294	327.00000	-0.21151	327.00000	0.46121	
328.00000	0.58145	328.00000	0.00837	328.00000	0.21741	328.00000	-0.20067	328.00000	0.40339	
329.00000	0.55079	329.00000	-0.05527	329.00000	0.17664	329.00000	-0.28717	329.00000	0.32722	
330.00000	0.57148	330.00000	-0.04871	330.00000	0.18329	330.00000	-0.28071	330.00000	0.35120	
331.00000	0.62904	331.00000	-0.04251	331.00000	0.18143	331.00000	-0.26645	331.00000	0.20310	
332.00000	-5.00000	332.00000	-5.00000	332.00000	-5.00000	332.00000	-5.00000	332.00000	0.29055	
333.00000	-5.00000	333.00000	-5.00000	333.00000	-5.00000	333.00000	-5.00000	333.00000	0.45275	
334.00000	-5.00000	334.00000	-5.00000	334.00000	-5.00000	334.00000	-5.00000	334.00000	0.37236	
335.00000	-5.00000	335.00000	-5.00000	335.00000	-5.00000	335.00000	-5.00000	335.00000	0.34556	
336.00000	-5.00000	336.00000	-5.00000	336.00000	-5.00000	336.00000	-5.00000	336.00000	0.32440	
337.00000	-5.00000	337.00000	-5.00000	337.00000	-5.00000	337.00000	-5.00000	337.00000	0.39069	
338.00000	-5.00000	338.00000	-5.00000	338.00000	-5.00000	338.00000	-5.00000	338.00000	0.22144	
339.00000	-5.00000	339.00000	-5.00000	339.00000	-5.00000	339.00000	-5.00000	339.00000	0.24401	
340.00000	-5.00000	340.00000	-5.00000	340.00000	-5.00000	340.00000	-5.00000	340.00000	0.40056	
341.00000	-5.00000	341.00000	-5.00000	341.00000	-5.00000	341.00000	-5.00000	341.00000	0.31312	
342.00000	-5.00000	342.00000	-5.00000	342.00000	-5.00000	342.00000	-5.00000	342.00000	0.35966	
343.00000	-5.00000	343.00000	-5.00000	343.00000	-5.00000	343.00000	-5.00000	343.00000	0.35261	
344.00000	-5.00000	344.00000	-5.00000	344.00000	-5.00000	344.00000	-5.00000	344.00000	0.30465	
345.00000	-5.00000	345.00000	-5.00000	345.00000	-5.00000	345.00000	-5.00000	345.00000	0.18900	
346.00000	-5.00000	346.00000	-5.00000	346.00000	-5.00000	346.00000	-5.00000	346.00000	0.21016	
347.00000	-5.00000	347.00000	-5.00000	347.00000	-5.00000	347.00000	-5.00000	347.00000	0.32863	
348.00000	-5.00000	348.00000	-5.00000	348.00000	-5.00000	348.00000	-5.00000	348.00000	0.30889	
349.00000	-5.00000	349.00000	-5.00000	349.00000	-5.00000	349.00000	-5.00000	349.00000	0.39915	
350.00000	-5.00000	350.00000	-5.00000	350.00000	-5.00000	350.00000	-5.00000	350.00000	0.30889	
351.00000	-5.00000	351.00000	-5.00000	351.00000	-5.00000	351.00000	-5.00000	351.00000	0.34697	
352.00000	-5.00000	352.00000	-5.00000	352.00000	-5.00000	352.00000	-5.00000	352.00000	0.19887	
353.00000	-5.00000	353.00000	-5.00000	353.00000	-5.00000	353.00000	-5.00000	353.00000	0.29055	
354.00000	-5.00000	354.00000	-5.00000	354.00000	-5.00000	354.00000	-5.00000	354.00000	0.37659	
355.00000	-5.00000	355.00000	-5.00000	355.00000	-5.00000	355.00000	-5.00000	355.00000	0.32158	
356.00000	-5.00000	356.00000	-5.00000	356.00000	-5.00000	356.00000	-5.00000	356.00000	0.33850	
357.00000	-5.00000	357.00000	-5.00000	357.00000	-5.00000	357.00000	-5.00000	357.00000	0.16079	
358.00000	-5.00000	358.00000	-5.00000	358.00000	-5.00000	358.00000	-5.00000	358.00000	0.13399	
359.00000	-5.00000	359.00000	-5.00000	359.00000	-5.00000	359.00000	-5.00000	359.00000	0.13117	
